10000
4426
-3863
-4105
-676
536
-3263
-1211
-1558
3849
4976
4566
-4315
4191
632
2136
-4730
3503
-2143
2440
3704
-3722
1039
-3501
2435
887
3921
50
3542
-2435
-3695
-335
-1583
4194
759
-254
789
816
-949
-4806
1626
-3700
-4925
1936
-2707
1243
4143
4745
-3938
-1159
1616
-2079
-4406
2203
-812
-3864
1676
3236
-3688
-2389
617
-1385
3902
-3697
1036
-1087
2017
-726
3499
-2789
-3960
4745
-2134
2237
422
-2581
4790
-4109
-214
-1528
-1269
-144
2400
3497
-1887
3201
2391
305
-712
-3750
4034
2093
-2038
-3076
-4968
-3927
562
4230
-4007
-1074
4952
2311
-3966
3475
-886
4527
-4940
-378
-410
2432
483
-2282
-794
-3474
-3671
4055
-4302
-478
1883
-2134
3851
-3009
2572
-1425
756
3291
4723
1390
-4426
-2075
-2709
3537
-1052
-126
-2212
1206
1366
-4989
3209
2831
4510
4554
-3589
-1369
-341
-2795
-608
4347
-2302
129
-1033
-1050
1081
-3519
4397
3114
-4709
-198
-3712
-582
2942
-2575
-1363
-4659
-4326
-2439
-111
321
1481
1328
1995
4359
-246
-917
-4683
1440
-2076
-4277
-201
2429
-3767
334
-4311
-3473
2034
792
2117
-4371
-3516
-1414
-1895
-3061
4163
-770
-1828
2775
3179
4942
2750
-844
-3194
-4920
-1946
3110
-2393
-2649
-3666
2384
-2422
-4958
-4300
-4281
-1577
2901
-397
-3360
4125
1809
4083
-2323
4517
4800
-1078
837
3051
925
-709
-3388
907
425
-1080
-2571
2096
1951
-4937
4323
-1923
4875
2516
1158
4709
-2689
-4010
4252
-2904
4496
29
-3759
-1042
2292
-3060
-1589
2000
2941
-4250
-4949
2522
3625
3177
-3102
-4127
-2022
-2178
-2697
-3857
589
713
-4744
-207
289
4517
-122
2196
3150
-1506
-3325
3381
2959
992
-427
-3354
4907
2953
-1076
-2201
1379
-705
-1712
-131
1043
-3363
549
-511
-3925
3002
3270
-4754
3804
-2702
1972
1590
-887
782
-1883
4077
-2628
2370
-4335
-3629
-2450
-4211
3416
-2833
692
3247
-3157
-928
-1328
-524
-2877
-4605
470
-1015
-1452
3977
-4243
2883
2744
3992
-3972
-2341
-3551
625
-1247
-1112
4161
3629
2026
3650
-989
2413
-4965
334
-2929
-1809
-4830
-1849
-4240
-924
1222
-1446
-4515
-3057
-1004
-1473
-1030
-597
1824
-500
2765
1510
2643
2640
1757
-207
-4485
1990
3479
691
3646
4961
-4205
4106
-3354
770
1145
3889
3185
543
-3390
-451
-4132
3876
-3541
1796
2723
4665
1601
309
-3408
-1812
580
-1396
-3891
-547
4463
-3637
2789
-4980
-4624
-2496
-3081
629
2920
287
3411
-744
841
1288
-4466
4514
319
-1688
-1854
12
-429
3823
3393
4390
2684
330
-3919
955
4890
-4161
-2783
-425
-238
-436
3528
2147
-3259
-3271
666
-1990
-2444
4590
-2097
-3907
-4976
221
-89
875
-4526
4543
-1888
3777
2141
2203
1704
1674
2349
185
791
-1720
-1403
3300
4726
-555
-692
-1461
4763
-3281
4186
2154
-4194
-396
3319
-356
-2085
2456
4294
-2136
3385
-3278
1664
133
-3009
-4346
1221
-2064
1013
-286
568
-2821
-3459
2126
1875
4820
4170
-2084
-1637
-1564
2453
4870
3500
1185
-3593
-3007
-3463
1971
3650
-3954
-4885
4267
-1565
-2969
-4467
-2487
-354
-3448
-2744
-1789
-2860
-2043
4746
-3705
-702
2578
-3369
-4310
3259
2031
4530
-2292
-3233
-1960
4725
-2245
1169
-3106
2576
1466
-1651
2361
-4626
-864
-2278
-3479
-1497
-2330
-1694
2460
-4200
2860
3626
-1454
-3352
256
2526
3393
-443
-1004
1584
4286
4934
-4053
-644
-4195
3015
3046
-2586
-4831
-2991
-4021
1438
-4140
2481
-4379
-857
1314
4989
880
385
-1452
-2628
-3598
4721
3930
343
-2918
-1225
-4992
-1878
-2325
-3383
-3932
3636
1258
309
-3957
-1447
-3075
-1276
-1278
3726
-926
1611
1439
-1320
2563
1157
2524
-4693
3134
428
-4314
681
1610
3270
-2317
-3576
-290
-2708
881
-4169
4416
-3471
3367
-1981
-4488
-3353
-1998
1676
-1597
-4905
-4483
-3766
3844
-479
-1396
-2279
360
3478
60
1637
918
-3644
-1906
-4132
3816
1000
-3185
4771
-3581
2837
-3508
-3395
-1840
-1347
1483
-4387
2300
-3616
-2711
2131
1841
-4001
4197
1749
200
-1460
-4640
1859
-3565
4547
-3251
4267
-2720
4792
1236
2825
3310
-4024
1406
1559
4401
-4661
3192
4962
2163
1178
2053
767
3831
284
294
2091
1118
2564
-2127
920
2885
92
-1159
356
-3755
2725
1692
-378
1391
-2562
-3766
3620
-4594
4558
-4764
-1514
2191
-4784
-1739
-3954
902
4337
-643
-3241
3725
2035
-3049
-4420
-1607
-213
-2201
281
-159
-4273
2971
-1102
-4368
-3811
-461
-767
-1463
1059
-1627
-4103
-3817
-3388
2281
-3389
4484
-3216
-3763
1016
135
-133
1775
2085
-3474
2960
4949
1221
4242
3768
-516
3617
2338
924
-4992
769
-738
1436
-4814
4642
-3276
2157
798
-821
3889
-1205
-871
-1798
-841
2122
4669
-1023
2041
2482
2069
-2524
-1674
-4654
3110
3895
-3552
287
-2696
-3528
4056
-4715
-2883
3062
3579
2634
-4846
3502
3607
-3468
-3035
3002
-4380
4082
-3522
-2062
-2010
2066
-4328
482
1889
1249
3965
4379
-3106
-2823
2976
-680
-907
20
-447
-4388
1288
-4925
1665
-1742
-1986
-4261
-4432
-3762
1320
-1238
618
-4466
1475
-2549
2557
-1079
104
-2535
-4210
-1296
-2219
2935
-1192
-3884
4819
803
952
-1117
2746
-287
-2863
-2544
-2410
2273
-2547
-72
1114
2006
-428
-3910
-3790
-3543
-4397
-346
-1712
-1800
-3434
-3796
1985
-925
-223
-4012
-29
1053
2218
-1650
2942
3986
-2915
-1725
3447
589
2948
-208
3973
4257
-3304
-2971
3017
-4411
1344
4568
2717
-3241
-3341
1855
3540
1962
2479
2689
3471
-1914
1214
-3371
-531
4931
-3285
-579
2184
3156
-4999
-10
-1981
-4091
2841
1319
1654
-4864
-3359
-732
2567
4317
-3271
-428
-1011
-1090
2394
-2023
3057
3852
4667
1414
547
796
1011
3025
-514
-4132
336
3007
-2938
-544
2843
2998
3221
-4389
2858
-4672
3405
4946
364
-2449
707
1236
2129
-3279
-1578
-4848
20
1000
1678
979
3356
98
-4601
-741
-2671
-1116
-1834
-335
3480
-203
2691
883
4448
-434
3167
3702
110
-1256
-4656
3763
-1451
4556
-2431
-2655
-4974
-3837
-156
2042
4293
2638
2079
2060
4048
-1039
-4066
4406
871
1058
3256
-4532
3622
-2471
-4502
-2988
1906
-2649
1875
-1392
4771
-1223
-3964
-4621
3801
2459
-1840
3092
-109
1912
206
1138
4053
4037
-2034
-2775
-3869
-2297
-4831
-4760
-1211
2580
-1839
283
3067
-4259
4113
-4177
-1778
3581
3958
4581
4885
-3406
505
2019
3346
479
-320
-1089
-2952
1390
2139
-1436
743
4101
2943
2054
-3818
-3254
207
971
-4288
536
-3488
-4845
4057
2751
-4
1030
-3173
3818
-1093
-1382
-4895
1529
4445
3571
3184
-4291
-4111
3063
2990
2859
4386
-3085
-1543
-1584
1387
302
-4343
3585
4081
2223
1130
-3694
2623
3676
-3707
-1888
2853
-3244
2257
4677
-3962
-1586
-2470
1598
-1748
2127
4938
-1783
-1769
-3847
-245
-2683
-2269
554
-4981
3278
-716
154
1485
1136
-3639
2067
-1356
-4916
2542
-1500
2368
-398
875
4000
3285
3089
-2741
-2536
805
3547
721
-2741
2673
-1962
2307
-2817
748
-82
-1325
-4557
-2295
2344
500
-4679
2817
-2813
1217
-3391
2196
-573
4366
-4755
3342
3235
-1525
2567
-1832
4086
-4523
3802
4631
-1750
3681
3986
2344
-4628
1453
-4195
4272
1318
1585
-3200
-3794
1231
4922
-1446
-1251
1355
-4916
4053
-4930
3403
-4510
4837
-3682
4825
1988
3234
3623
-439
2915
4791
2036
2461
-354
-3683
-1294
-4553
2818
1148
3846
1388
617
-3039
98
-4765
-2200
-3131
-3416
-399
-4263
-3821
4532
-3727
-4
-1519
-3190
-1529
-4716
-459
3616
-4644
-3900
-3289
-375
-4382
3979
1669
-3038
1993
2321
4918
-806
-554
2327
-676
1803
1848
1076
2204
-2659
2731
3326
4267
-3571
2420
1195
509
-2898
-3956
1270
1421
1354
-449
538
4003
902
3822
786
-1834
2102
4854
409
-4553
2802
-1881
3701
-3669
2990
3445
213
4593
-3433
-2441
-2053
-4820
-3702
-1037
-3905
1189
-1402
-4560
-3548
-127
3989
-3815
1381
-734
-1809
-3573
-2663
635
2916
457
10
978
-2541
-1948
2390
3836
-2722
2079
-3711
4517
-3291
-4234
-3768
-261
2058
-2039
4279
-2689
2867
4833
2486
3331
-1606
-2678
768
-3589
307
-3489
2632
-1882
4880
-1463
3166
-1016
-805
3655
4047
-1563
2563
3328
-3391
-4341
-1777
4651
2221
-94
-4569
31
1962
2887
-4759
-4757
-1192
-1005
-720
-196
-3145
11
4394
-3675
-3966
-2929
2517
-4599
-2141
2569
2358
839
-1405
-4341
-2623
4702
-3267
4670
-555
-2415
-2188
4945
-4601
-3814
3031
-3016
3333
4650
-4592
409
1536
-2267
2172
4011
-3948
2356
-2669
-2122
1853
4998
1882
-9
2914
-2005
-2660
4111
-4763
-2781
1609
-3250
-4658
1977
-960
3876
1544
-581
-4842
-4432
1315
-34
-3236
4028
-4291
-2311
-4488
-2694
-3854
3793
-4145
2213
2071
3813
2396
2879
-3942
-1170
3478
-401
230
-3939
-302
-4169
-1645
-2500
-3797
-1236
1452
-3695
-4282
3341
4483
3722
4498
-797
3921
2791
-785
-4238
1216
-913
-86
4940
2797
1720
4847
-937
363
888
2907
4295
-199
1373
-3477
3220
2499
3988
-82
-3772
-3650
4613
2244
1815
-766
-3641
3839
2816
2899
-2541
3599
2314
1583
1148
844
-3164
-723
-2241
-1699
-1752
4737
-2327
4782
-3420
-2162
2443
-1092
924
1096
3291
1372
-358
-1923
-498
-3339
-3974
-2937
-2239
-1134
1197
450
-4872
-3992
-2202
3707
-4189
2599
-1893
-2066
-3973
-22
1484
-3416
-4389
3373
-3482
-1858
845
-4889
-406
-2821
-4449
4876
2747
-3941
-1788
-2964
-3844
-2236
4772
-2738
-4862
1374
989
-3081
-2312
-119
2805
4634
-12
4803
2220
2887
2310
2142
-3826
1138
1876
-4095
800
2735
-1416
2711
3259
1434
4469
-4386
-294
1498
-2301
1774
894
-3234
3851
-3203
-1974
1833
-894
3050
4803
2697
-1486
2177
1709
-3978
1038
-1247
-2039
-4262
2421
3470
-4748
-4930
-1250
-4808
741
-2879
-2413
2028
-1654
3497
-2631
-3518
-4618
1539
1226
722
-2403
-1683
75
3623
4311
2374
-3584
4624
1151
-923
-716
1446
410
2807
4838
3198
2939
-3879
-2555
-4335
3897
-930
4097
3868
-193
-16
3967
-32
-3385
-2113
2929
-1089
4031
-4019
-3817
543
499
-3302
2604
3228
-2923
1862
2541
1896
3476
-3700
-1735
-4790
782
-3480
456
-3521
249
-2352
-2885
3553
4306
2288
-3244
-1406
1830
-1922
3570
-2567
1665
-1822
-1656
2775
113
1826
-4793
649
-595
4004
242
-4237
-2923
-4279
2556
-1426
2778
-3579
208
1634
-3672
2561
4012
2659
-2947
237
3157
-2713
3947
3353
-4146
321
-4996
1684
2977
-4549
-1588
-1149
-3757
4265
-761
2110
-155
-3774
-255
3945
-1687
-1594
4233
4586
699
2125
367
-3224
-4020
4815
-2095
-2879
2647
-2570
3104
4221
4417
2922
3373
4799
1364
4501
1024
-2338
-1671
-4966
-2401
4851
1145
-3514
2600
473
1690
-4653
510
3333
1757
4866
4242
3005
-3598
-3783
-4036
3488
433
-4377
234
254
-2054
3422
-3806
4556
2228
-599
1469
-1497
3039
-520
-754
1511
-3460
1503
-2549
-310
-1220
-2404
-637
-2396
4758
4992
-3649
3650
3323
-33
2462
2221
-4909
3478
3718
-4258
4312
3822
-817
-2688
160
2466
-935
3599
1075
2245
4728
3005
-3658
-1182
-4158
-2766
-444
-1523
4518
1109
-2366
2226
894
-4163
-640
621
-4099
-1518
-4131
4337
-425
-2678
-3291
-2398
3065
-3081
-4943
-1349
4471
-2431
4176
-856
2513
2300
-3791
-4410
-132
-1085
1283
-2627
295
147
-2694
-1468
-698
2213
2470
-555
2873
4430
-4882
3358
3612
-3831
3619
3490
3780
-558
803
-3578
-2333
1956
-177
-1860
1194
-1712
-3665
1805
3032
-1074
-2687
2432
-1050
4419
3825
-1848
-3689
3687
2185
4842
-2950
-3167
-2774
4043
-1635
1389
-4813
2613
637
-1577
2185
-1692
-4649
1532
-754
-1529
-1138
-4395
2333
-3323
-4785
1466
2479
-3645
2472
-4203
-1523
869
3228
2775
-4144
-221
1213
-3895
659
4557
4662
4060
-2998
-2005
1422
-4845
-3919
4206
4386
-2971
-4361
4771
3235
3663
-2667
-543
2744
-63
-4967
1835
-2717
4056
-1893
-1025
2512
-801
-2899
814
4788
2661
-680
-1408
1725
1394
1475
3094
-443
-1123
-3149
-1770
-87
-3758
-1938
-3121
1358
3779
-2355
4026
1812
303
-263
947
-1437
2018
4722
-315
-4814
3438
2841
2343
4677
-478
-3621
-4567
-225
-2303
-2283
-852
4366
-1483
-3451
1571
-2366
676
2028
3699
-4954
-3811
-1511
-3624
-1417
-2518
-2147
-4686
-3749
-4674
1500
-322
1897
-3235
4130
-4810
2718
-1154
-417
361
1013
2699
-3910
-2987
3294
3233
1369
2872
4853
1838
-3873
-2463
2858
1542
-2353
-2152
-1294
1683
3493
-588
-2701
-1056
-425
-706
-205
-2534
2678
-4387
4162
4426
153
-3335
3274
4341
1618
-3228
-1782
1671
29
718
-4799
-302
3482
-1971
-1162
3831
718
-2063
-752
-390
3485
465
-4013
426
-912
-1259
-33
3670
2801
-808
-3760
-3034
754
-3864
-4585
4040
-2113
1
1615
4648
793
-4577
-3263
-654
2129
3216
-3933
-3606
-4868
-2646
4935
-3185
-4476
-2413
842
4311
-1509
-2751
-787
2516
-1894
1321
581
3758
3407
3974
-1881
-3651
-1981
4109
-617
-2030
-1978
-3052
2413
1000
-846
-1046
-3922
4800
-1010
-4727
2465
-3630
-2924
-1181
-3165
-4850
-3148
4752
-3417
-2476
532
3800
4403
-1345
2448
2833
4465
2437
1857
213
-1542
1344
4987
-2602
3731
-82
686
4288
-2932
3245
-413
3616
-777
810
698
-515
4060
1796
633
4512
1088
1710
1102
-3845
-4698
4027
3236
1100
-41
-3261
4900
2511
4553
2083
-3443
-638
-227
4362
141
4809
-1447
4204
-2791
4639
3943
-1755
-4392
-3710
2824
-832
-4212
4012
-4696
2665
2645
858
-4111
527
-4764
-3721
-3405
-3685
-4297
-3138
3265
2608
-3620
4463
-1574
-3955
-1592
3671
-778
4457
-1688
879
389
2381
-1763
843
-1265
-2778
1156
-204
-2928
4546
-516
-961
148
2074
-3274
3833
-1369
-4368
3208
640
-4048
-1995
-1706
-1171
4018
-4504
1596
-331
-1132
3857
2624
1244
3811
1015
3616
760
-3300
373
4997
-2487
-2937
1424
-576
-1663
-4611
1505
4962
-1101
-3748
-963
-2621
-3486
2211
2974
-3884
1281
-1140
-99
254
2033
2876
508
4919
326
-2321
1653
-165
-2773
-640
389
2843
2696
-760
-3156
-2511
2623
-1526
-1882
3317
4571
879
4075
135
3459
-1208
-827
1676
-3844
-4474
-1558
-4858
-3779
1258
4558
-2829
-3740
-3957
1812
-2330
-2122
-3059
2073
1215
-2790
-728
-2255
-1233
2658
3141
-4537
-543
-137
-114
-4120
-2755
1364
2220
4072
1865
-1318
4772
-852
-2195
1313
-4004
378
2137
1990
4638
2868
3400
1868
3139
-2211
-1527
2698
-777
-3877
-298
-2237
310
-747
-2672
4114
-894
-3305
-935
-594
-684
1070
-3065
1044
-4155
-4887
4710
3809
-3541
394
2158
-1827
-602
-3142
4217
-3967
-251
787
4434
1022
-1107
-3814
-3613
1851
849
-831
-4993
-3291
-775
3186
-347
-360
1057
1087
2812
4571
-4587
501
-2284
-2531
2437
-4165
4595
-2597
-1684
-3735
-2499
2982
-3831
2782
975
-779
4886
1108
2525
3725
3653
2525
663
456
1969
-1004
-2296
4789
4365
-3179
-33
2836
-4404
-4221
1870
2704
2088
2591
699
-3489
-1305
-1215
-3251
-2438
4645
-3533
3050
-1398
-4173
-4355
-3266
4876
1245
-4600
-4208
-26
2134
4634
-1079
-2394
-3867
4202
1095
1998
4352
3682
-4203
-273
-4260
674
4504
-1306
-1688
-1216
745
3379
-1837
-3622
-1298
-303
-1926
-4914
3584
3543
4747
3786
698
707
-2317
1967
2021
4276
3564
4773
2583
3400
-2878
1989
3334
-1206
-3775
3475
863
-1893
366
3404
1979
2562
-3096
2901
-631
-1661
800
4818
-3306
-674
-4302
492
-1196
2359
1344
-4467
-2106
4055
-4248
-4890
4848
-4104
-2449
-1549
-3182
3929
-4124
4507
4844
-151
-3991
-3532
84
4981
-762
4041
-3148
1963
-1640
496
3000
-4779
968
1836
-4717
-2345
-3032
1217
1461
2613
-4000
-2527
-4459
819
-1827
2444
-4366
-892
-1742
1027
-861
-3162
-1025
1774
627
1845
877
3738
2282
2622
3382
4471
-863
4229
4094
-2456
1747
4428
2209
-3447
-2434
-2231
-2963
-1626
2489
-654
612
2398
1210
1866
310
3785
-4603
-4093
-358
4373
-4548
4655
293
-859
-421
-4919
4082
-1433
148
-1065
-1013
-726
1482
-3629
-2084
-1518
4231
2352
-1036
-441
-4025
1250
3452
-1983
3620
-2825
2444
-3146
-2093
-511
-4574
-2166
744
-931
-4116
3373
4896
-4165
3010
-2926
2766
-3779
-8
576
-1313
-4958
-1911
-3481
1104
-2035
-3949
1720
-2593
2470
1521
1229
4320
4008
-296
1228
3354
-2797
-2376
1847
3851
-2436
1027
-3780
-4033
-4865
3274
-2623
-2347
-4580
-4597
-3852
4837
3835
-4093
-2683
-4000
-2501
-248
1840
730
-534
-4338
-2266
-4068
-2769
-2961
-4195
-557
4050
-682
-3997
1150
-2877
-4472
4233
-2678
-1509
1650
-4972
-345
3337
-1212
-3243
-953
-1412
1668
4339
2044
-4813
-4631
-2852
2766
4183
-182
-1947
-3242
-1545
-1883
-4732
4856
2719
-101
-3545
3727
-4902
500
-1991
2402
4288
-1374
-4569
-1082
792
-4412
-4326
4733
-4641
4173
-2197
3572
-3700
4646
-2222
1238
2551
3445
-3218
2898
1945
-1962
-3368
-4758
1280
489
-3576
-1687
-1216
4212
-2996
-67
-4200
-2548
-4274
394
1418
4925
1047
-3204
2061
-1977
3990
-4814
2106
-2606
-1547
2425
-2639
3566
1317
1920
2011
3966
-715
-2259
4103
3579
2773
-2092
2197
4612
-73
-20
-408
-3450
-2063
891
-177
-1913
4097
4512
4841
2424
-678
-4967
386
1597
-2274
746
685
-1194
1760
-1585
-1782
-2214
-1030
2431
-1171
2552
3729
1581
-1494
4947
2681
-3415
2020
2909
2935
-438
2642
-3765
-627
-1626
-3852
3666
-189
3846
4152
-432
4133
-3902
-3793
-1959
-2082
-3562
3009
-4246
-142
2169
-2247
-543
-1441
-3393
-4977
3971
-3923
3932
4250
4770
1062
7
2629
2402
3091
4038
2349
3196
3691
-1453
-2959
1426
-3534
1078
-388
2026
3846
4935
-4897
-3440
-820
4708
-1187
1625
746
4479
-2116
-3949
-712
-3981
-3901
2723
-4151
-3783
-4316
518
3136
-325
4803
4589
-3691
-2404
569
2812
-3349
2260
-254
-2978
3562
3672
538
-3817
4526
4319
2969
-1324
2261
-322
4661
2253
2906
4681
-2586
4991
567
661
-1437
4501
2707
-1171
4832
2224
882
-1387
2104
-327
-4466
-343
2406
-1027
225
-1920
-3348
1007
2355
4118
3427
-3918
-2921
-2778
-66
-1208
-602
-2566
933
2064
3424
-4330
560
-2412
709
1743
3895
-3228
997
417
-2026
-3536
-1734
-435
-4110
-4583
983
184
-924
3359
-1429
2372
-3231
540
1678
-2295
163
1334
-191
-3608
-2583
-3022
4196
-1567
-2090
4802
4317
59
795
3575
1109
3761
-3470
826
960
-4849
-3498
2750
-3547
377
-1907
-823
3448
-2750
4809
-3566
4217
4609
4674
-1330
3321
-3387
1838
2748
1315
-3896
-1512
2611
4296
882
-4006
-3344
4510
-310
2903
3723
3714
290
1506
-4499
2010
-2479
1039
1104
-3003
-4436
3278
4481
-2571
4982
-3102
2014
4830
-1928
-4137
886
2719
4296
-2358
36
769
-3036
3146
-1407
909
2046
-330
3325
-2863
3304
2124
-2060
2237
4608
2576
-2865
1299
-2176
3741
-4335
-2539
-729
-55
-4246
3657
-1020
-2423
-2637
2940
4474
1641
-2758
1382
-2217
-4762
337
4213
-946
3297
3863
1969
821
-1840
-1309
-2406
104
-157
3714
2502
3989
4617
-263
-4325
4608
4554
4469
4985
-3923
3295
-3979
1234
-3038
-3758
-4446
-1806
1079
-3823
-3650
2514
462
3458
2391
-4206
-3460
-4933
-1834
-3887
2175
-984
-1215
1221
2791
-2399
-3026
-2658
-4627
-49
-1935
2209
-2479
4554
-4297
474
3378
-33
1232
-3749
1001
-3407
-2959
2490
-2195
-3602
3253
-4623
-4311
450
4808
3294
-4418
138
1939
2022
-1328
1284
4172
-4956
-3821
1617
4278
-2230
3127
-1786
243
2593
-4673
608
-1987
-866
-3520
1954
107
-1875
1068
-2071
-1010
3890
916
-894
3753
-2831
1652
-3348
-3771
-2693
-4476
1113
1765
-3744
3700
125
4425
-4334
3484
547
-1376
-4184
-2660
3585
-3887
550
4384
3384
4625
2997
47
3456
-1810
-1459
2862
-17
455
-2659
-4672
3621
2208
369
4336
-603
-281
343
-1390
-184
-3736
3881
4836
2545
4381
4107
-2603
528
-3681
467
-4149
-2043
-4822
4134
4565
2146
324
-540
2197
-1617
104
749
1741
-4532
-2194
-3585
-3552
-3666
1261
-4497
1028
-2077
4793
-1577
-1995
-111
1950
3908
3324
932
-4847
-3082
-3346
4976
-4093
4060
-1112
2420
-2036
4604
-1712
-193
-1417
1161
1440
2599
-3753
-670
-2383
-2983
-1269
4871
-1780
-1413
1416
-4768
-710
-1405
4726
-1613
2365
-3467
-3374
544
886
-4161
-4910
-4151
1370
658
-2505
-1571
4666
1340
1197
2264
-3061
54
9
4769
-429
1691
-1876
3103
-1736
193
1143
2647
1601
2661
-939
4937
-2349
-4267
2637
-1695
-1436
2627
-1974
4835
-2790
-3939
-4131
2104
64
-3616
2616
-2325
-2722
-1973
2013
2648
-3932
-4121
4589
3090
-2709
2741
3936
1845
-4607
1763
3863
-3919
-453
2330
-3061
3299
1576
-556
2357
-1540
1349
3301
181
657
-1011
-2260
-4436
-4792
3826
2988
-3530
980
-3364
-1814
-1542
-1903
-4624
-3145
2447
4510
-1535
1114
-2858
1998
2583
539
715
-3625
-3990
251
-543
-1323
2003
219
4239
-3441
-3440
-4674
-64
-160
-3435
-404
1964
2745
-2904
-3768
-4510
1478
3522
19
3007
-3011
-3409
-4864
-1202
109
-3806
-2106
-3100
-4151
-1985
4466
4419
290
-3243
-4953
3796
-4316
-2115
-151
4390
1889
-1116
2167
1520
1021
2716
4303
2800
2618
4150
2626
4192
1450
4192
3375
-1010
-2364
-2042
1494
3514
3383
2100
1633
-1195
-2225
-747
850
-2045
-1848
2533
3443
4771
-2185
-1908
-1034
-2552
-2897
-3719
-3924
-4014
-2003
-4523
-2355
-141
1827
3484
-2268
-4028
-3824
-3236
-601
4102
2914
2867
4568
-12
4744
4888
-3628
-473
3155
4347
1699
-3402
-1625
2806
-2402
2810
-372
4211
-3186
-962
-2262
-3617
-1678
-3464
-2626
3720
879
-4101
3676
1649
-286
-4292
-4982
-101
3092
864
3813
521
4446
535
2774
-2582
1969
-776
3862
-139
-870
3346
-4211
2695
-1313
-2862
4832
-3516
-3024
-745
4875
-3685
3922
757
870
-2097
-12
-4641
583
-1170
-4001
-352
89
2550
-3007
3307
-1872
4166
-59
1657
-1763
-4480
-4618
-1344
1919
2947
-4706
-2399
2487
-631
3823
4698
-3379
2142
-4373
-4316
-4436
3667
3308
-3870
-2249
2877
330
-1703
-1367
2927
-284
-4836
2817
1016
4925
77
-2067
3008
-3756
-3377
2808
-2691
-347
4925
-254
-2383
-3691
-1002
-2181
4047
-791
-4249
-1036
-3333
1819
-1297
-2251
1009
340
3149
3868
4421
-1701
3233
3009
-230
-2321
-1702
-736
-4368
-3481
-3675
-2424
-550
1697
-2281
4008
-3336
3933
3943
-4816
-323
1012
-3508
-437
4843
3155
3646
-3171
243
-2476
-1391
-2074
4021
-2955
-300
-3814
-4695
3450
-2467
-307
-3197
-480
-3176
1254
2690
4476
3470
-4055
4460
-1886
2055
-4405
90
233
-694
4103
-1954
-427
2571
3949
-70
-4159
1421
-1691
2401
974
2789
-1080
-2179
-1148
-2058
2294
-3052
-2875
-4922
1741
-930
-2601
-682
2173
2613
2336
4872
3894
1127
-3780
4824
-3317
-3575
896
-3317
2909
3279
-3994
3346
3447
1592
-1935
-2589
-1884
2372
-3200
-1015
-2276
-2194
-2625
-4498
-4792
-2748
-2684
2995
819
-1022
-1943
4004
4023
3989
-4350
3232
-4267
-4619
4344
-2931
-3937
4130
2629
4867
-1372
3406
-2903
-4319
4445
1345
2401
3412
1958
-392
1744
-10
1707
-3036
-2605
-4656
3163
2446
-3556
1973
-785
3795
3940
1372
-1573
4007
-4599
2289
1438
-1488
-4702
-2938
-1201
-3610
396
4267
779
-4700
725
-3491
-1276
2068
4426
2134
-2997
1882
3480
-927
843
4390
133
2599
2896
-442
4667
-124
1787
3413
4261
-902
-2505
-1121
-3966
1402
115
-441
703
4824
-664
3999
-2330
3504
3517
1937
2438
-2756
1916
512
1013
2942
-4276
-802
1154
-582
3108
2699
-4643
1579
2880
1124
-706
-3154
3108
-1220
-2937
-3232
2111
1302
-3355
4953
474
2931
1637
-1215
-4785
-3532
-812
-3074
-2540
-1860
1779
35
2970
-907
-4616
4327
-185
1901
4687
3887
4752
-4979
-1084
1656
-358
879
-3365
-2447
2634
4147
-4354
2202
-1613
-901
-2940
-1169
2163
2420
-843
3468
-2349
-100
3466
-2624
2802
2665
-992
3815
-2990
-3577
781
-303
-2051
300
-320
4740
-3387
1605
2390
-2442
-2856
-3366
1646
-80
837
585
-3321
-4504
-1512
-835
-2980
3578
611
2038
-2773
-1628
2577
-1831
-4492
-4391
2593
1665
2188
-2644
731
4422
-2897
-641
360
-1520
-3212
-2969
1285
-1295
-3040
-2170
2370
596
-495
-4624
1286
-4989
-4199
1016
1465
2743
-1861
-3021
-2423
-3136
-3664
-523
-3998
-2313
4860
-2029
-4513
1336
1192
1359
-334
4957
841
1518
-298
2761
-3414
2262
3967
4238
4439
-3680
-1942
-2621
-1646
-1915
2196
373
-3304
1709
3711
965
334
-4385
-3767
-4666
2776
1040
1958
-2916
-3467
-1523
-4457
552
-4373
-4565
-3757
-1636
-983
-877
4612
3414
1992
-2210
2954
1631
-1872
-447
4644
3238
3298
2802
3253
3393
-2064
-4873
-4578
410
4852
884
-902
4888
-3330
-1302
-1093
-3704
-4129
-3093
3588
-1919
3587
-4196
-3084
-4446
3493
-1951
-2582
672
2236
4981
-20
279
-2319
-4538
-2253
-1243
-3714
-877
-290
-4743
-3435
-2278
1178
-2194
1696
-572
-2985
-2901
-4727
-312
3658
1406
-3060
1156
-1712
885
-3483
4222
-782
-2630
-3530
-66
-4726
-4010
-4050
-203
-3742
-3972
359
4287
-2451
4795
-1982
2421
1873
1997
1613
333
-1571
4619
-777
3409
4112
4573
-3431
3606
4461
2361
4445
4131
971
2887
3935
4007
-4061
2947
4141
3372
-2282
-170
4912
474
1491
914
4026
1122
3219
-531
911
-3331
-3566
4533
4800
-4724
-4554
2539
1226
4860
-4723
44
-3051
1212
-755
-4873
3767
-1356
-607
4238
-4840
-789
3405
-2139
-3759
3125
2296
-1418
-4205
-3019
4539
153
-814
1383
-4588
-3842
-2211
959
3192
1184
-2181
-1175
1951
-1879
1978
-2901
1126
580
4742
-4473
1812
-2603
2024
-4598
-3628
924
-95
-1940
-3916
-4020
-2048
-661
-2408
-3286
441
4988
-3658
1616
-4272
4799
2328
3345
2216
2655
4834
-4478
-4730
979
-3307
4703
-1760
2334
1402
-1408
2699
3309
4234
-2502
356
4725
1175
1797
2865
-1367
-4621
3686
-1475
3455
3771
-2694
-1926
4214
1182
-3657
1396
-4121
-624
3666
-1987
-2865
-520
-4521
-4167
-1715
3782
3226
-4515
-2405
-2284
-757
4538
-2345
-3819
1238
3455
3462
220
1566
-3682
-1603
-3429
-3529
1091
-4655
153
-106
-826
4257
-3955
4695
-432
143
-2585
2886
-1353
3704
4197
-3622
2355
-3417
2863
3381
-4337
-4141
1880
-3963
1315
2852
3120
1082
-2739
-1067
3919
-1457
1002
-826
-1164
4107
3884
110
185
295
-943
3975
912
3033
-3062
322
3288
-2966
2420
2298
-1297
-1543
689
-3771
-1406
-4327
1878
-485
812
509
-4824
3485
-374
-1718
-509
-3455
370
-1987
-2987
-178
536
3356
1701
3249
2798
-3642
1402
-4185
2511
1807
4848
4289
-89
2594
-3919
-3281
-294
3239
4574
2531
-4160
2287
2116
496
-1298
4296
3975
-2565
2603
3392
-4235
1457
-1560
-214
-3690
1037
-1293
-2997
-4430
-1452
1063
2219
-2847
-3070
-1499
2906
-3288
783
2257
-2406
-405
1839
-3750
2523
101
-3318
-4654
-1433
-3151
3703
4731
1012
3479
3178
-7
-1209
725
-24
225
-201
2055
882
-1254
-3985
3855
-4012
940
-1031
3300
1445
-4052
1132
2205
4206
1050
-3314
2379
-3622
-2870
-4009
-1366
3844
701
3282
1286
-1580
3771
-3952
-4494
-3172
-2127
-4742
-4889
-2048
2419
-958
131
-1499
-1096
-2261
-2544
-1839
-4496
-3971
156
-579
3503
4235
-2739
2702
-4646
1265
3300
-1841
3379
3066
-2231
3501
2370
1737
-3552
-1458
3129
4872
2899
2681
-3190
2521
4222
1895
-4241
-3396
-1253
384
2736
3702
-1189
-4496
-109
3175
1021
-2662
-1390
2919
1525
-1976
-2774
-766
4159
3053
-2904
-1418
-4117
100
-635
3602
1841
323
-3434
-2226
2371
4360
3211
1441
-1835
-3085
1797
3074
1910
3279
-3622
4664
-2816
4135
-2842
-4726
-2680
3935
133
4572
3195
3537
3593
4144
1625
1557
477
1551
-1250
782
-1628
3417
536
-2906
3534
-2247
4139
-613
1903
4602
2445
-3416
-1292
1748
-4128
2237
-4545
2573
1407
980
-659
2295
-3057
458
-1383
-958
-4363
2348
1981
3535
4677
270
-150
-2689
-106
-3236
-1430
-3483
2659
-4896
-762
1050
4558
492
474
-294
-515
1688
-4865
-2923
-4683
-2201
-2956
750
-360
814
-1001
4911
547
1733
3601
-1311
3522
-3872
-4223
-2151
-975
-1689
-51
-4505
2626
3378
-4878
-1318
-4869
-1778
3951
-244
-3382
1423
-482
2142
2083
41
3959
1256
4166
-1594
-4613
-4799
-912
-1861
3601
3675
-4869
3678
2643
3783
-3620
810
-1864
-923
2407
-3349
576
3735
1330
-164
-3930
-974
4871
-3441
3453
146
-4841
-3037
-1126
-4078
3484
-712
3334
214
3304
-1658
4043
3980
1370
3829
873
-1674
-4150
-2972
-527
-606
-2405
-4315
-2002
1311
2421
-2751
-1399
-2813
3250
-273
770
666
-533
461
-1250
1962
-1179
-2626
4036
1036
3808
-2897
-347
1683
-3526
1315
-4664
129
4813
-3316
-3092
-653
1616
-3694
-4122
1534
2169
-1829
-4867
-4233
-885
-1682
-3457
823
-4367
579
-2760
771
4212
2976
4625
1060
-994
2965
-3839
-725
4465
1397
-4377
-150
-3844
-3625
680
-2031
-4758
-3608
-2501
1106
-1336
3526
-1510
-2
-4347
4985
-35
3292
631
-3940
-465
2015
-397
595
101
-663
1167
4930
1038
-3320
3853
-3202
4644
-3797
-4276
2365
-2402
2261
-4568
-148
4725
-2034
-4193
-1015
-4252
2398
2905
1982
3043
4977
-2265
-1137
-2702
3806
4921
-3694
2113
3847
2266
220
4680
2350
-4146
1403
4283
-55
1682
-3715
-3160
-2766
-1116
2946
4498
-859
2009
583
4964
-2344
-1895
1325
-1575
2640
-785
-599
-1423
3137
804
4193
2274
149
2689
4792
-2973
-2843
3979
-2087
-4300
-2367
1058
1975
-4609
1881
-1060
-3329
3948
-967
4948
-4829
-1111
-2531
-3720
4911
-4820
-3555
-4049
2687
-2735
3964
-4242
-3020
-2787
243
-635
3122
-4171
1678
-3258
1238
610
1423
-892
-2338
1676
-1398
2595
1850
-4132
-664
-2110
-4038
2840
156
2410
-1570
4128
-3361
3594
-1682
-1156
-191
-2142
3561
-3907
4077
-4979
-4261
2915
917
-393
-1134
-31
-3463
-2011
4972
4661
-1062
2026
4136
-181
1795
4710
-3486
-494
-1317
-4554
1413
4442
4131
900
-2664
290
-413
1505
2226
3726
-776
2299
-4287
4658
930
-801
-4731
915
4662
4875
812
3661
2210
1461
-1419
4602
-2069
468
4586
3627
-3069
-1725
2820
1837
-1505
-2522
2075
750
546
4794
-1811
4381
-123
-3687
-4095
-1842
-2033
4947
-1583
-1205
2965
-170
2890
562
-2876
2902
-2463
-1774
-2041
-4547
-3606
501
-3691
3000
2597
4106
2094
-4590
-540
-3913
4484
-4559
2124
-3325
-4498
2932
-2333
-4031
3030
-470
4241
-2223
-3280
944
-4152
-10
-110
3909
802
-974
-4505
4797
4459
-2929
412
-3119
4205
-2058
-3970
-4190
-2379
2008
1192
-1469
-2192
-3884
167
-3805
1363
792
4731
1125
99
-2532
-466
-949
2220
-4934
-452
-4628
1882
-2675
3007
-3292
1064
51
235
-2115
-2210
4753
-3349
-196
2671
-3914
1571
-88
-815
-2746
-2625
-2555
-165
-4855
3259
-4412
1808
1647
-2720
-660
2463
-568
4035
1238
-3316
-2195
-2165
4437
3029
1389
4621
3582
4393
-1257
2854
1954
-1148
3668
-3196
-3411
2081
1920
-464
4025
-953
1647
1165
-2787
162
4938
1178
3209
1734
-2622
80
-4107
-1824
2308
3133
-1685
-4068
-1343
-2696
4298
2190
-2865
4430
-1491
-2749
4228
-3998
-1035
2866
3964
3484
-4047
-1338
-3362
4285
-2193
2179
335
-2917
2644
-2086
-3655
1805
-3193
-1526
-4552
210
86
-4886
267
4371
690
2167
-1673
3169
2953
3542
-85
4627
-4589
1195
-4652
-2838
2651
-149
-1696
2187
3160
3563
-1457
-4273
-3571
4541
-4089
3720
-433
-4
2033
882
1241
3977
3085
1713
-2432
4350
-72
3688
4261
-2821
-2507
1708
564
835
-4767
1578
-1710
-3943
1177
952
1345
1634
3578
-3017
1881
-344
90
-4371
3419
-2487
-4931
3185
2338
-3180
-1790
1919
-3215
170
3148
981
1675
-1251
-55
649
-2319
2810
3041
272
1072
-852
-898
-2395
2117
-1463
2241
-1
-1206
319
-2024
-2522
-4717
-2631
3579
-4070
4380
-2501
-3686
355
-2729
710
4227
2465
1680
3590
-897
-3586
2276
258
-744
-1885
-1127
-3494
2211
-734
-3110
-4823
-1291
-1455
4316
3240
331
-1578
2820
1857
563
246
2406
-3092
-1955
813
4646
-1821
-1386
3706
2222
-4299
-1723
3754
1308
3727
-4848
4531
-1327
-4771
-3224
-1919
2902
-2356
-2954
-3244
-1863
4537
-2877
2257
-1397
1118
3659
4175
2714
4739
4373
1545
-1591
-1556
3869
2734
-1444
2976
1662
1258
4485
-1647
-4024
2543
-2479
-3263
1269
2050
1021
-1623
1610
-2443
4869
-2541
-2357
137
-460
436
15
-2194
4004
4576
-3453
-1658
605
242
2850
4501
3126
-2957
-1348
1968
-2683
1066
1911
-309
2652
3506
-1139
2620
2849
1113
4209
3373
3020
-4937
3996
-1110
4851
1694
3320
-2074
2217
3981
1990
-2957
-3851
2958
4425
-1570
3315
2083
3484
-4388
-2506
740
3910
3454
1428
-2787
-12
3854
2143
-1388
1339
-1057
813
3871
2006
-3474
4494
-1833
-2930
-4424
-640
4232
3146
3905
-886
1845
-2253
-910
-461
784
1665
72
-2631
4650
1984
905
3951
-1470
-2748
2710
3475
3801
-430
558
-2281
4601
-2132
-764
3237
725
-3697
3376
-2189
-157
-1006
4006
-1746
-4061
2721
-2050
-2448
358
4410
-4069
-3535
3989
-1231
3261
1801
1891
3755
-4049
-2167
1605
-148
2289
3141
-176
1185
-4324
-579
-3841
4500
2684
-920
3829
-3994
-2563
567
-2168
-1657
3846
4276
1850
471
4661
-1232
2985
-3873
3855
2404
810
2262
846
2647
-2828
2797
2671
4876
4720
769
3984
1676
1599
4193
3599
-2914
-4118
-3572
4007
3977
-2090
-4272
-879
-364
-2337
1532
2462
3
795
-2214
1783
4217
2736
1484
686
3980
449
4120
-4138
-1164
-3099
4164
-3039
1093
4195
4138
-2966
-3385
4557
881
-3104
4978
3204
-1754
1844
4079
4713
744
-3587
-1927
3666
-1671
4855
-2923
-1510
3801
-1664
-1980
-2342
-3793
3910
210
-620
2877
-4185
3838
1167
2428
2772
1685
-2616
-1167
-2847
334
-2324
-4144
4647
-1713
1647
-2909
2474
91
-3913
2801
2664
-4196
1907
-213
-1043
4881
-2537
-1693
-319
1035
-4532
-2488
2473
2310
-2469
-1904
1158
2228
3122
1930
-482
-3055
-3121
-580
-2385
4385
187
-4240
-832
-1640
-1047
2496
4288
-535
-3731
2925
-4527
2742
-2798
4089
-2300
-3455
-3349
3857
3733
-1002
3034
-3410
-4366
-74
3314
2306
18
2297
-2315
-4813
2644
-2363
1433
2820
453
-354
2243
-3579
1092
131
-3381
2109
1011
-1411
3236
2820
-4901
4897
391
2452
-4222
-1806
4093
1749
-3204
-4864
-3551
-4283
-1067
-4204
2733
992
3454
-3991
2075
2664
-3686
-3060
-3885
-1595
4266
-2479
1485
3230
-1991
338
4665
2794
-3960
2883
-3857
-3320
-1108
4772
3804
-139
4884
-2838
-1855
-3588
-3869
3934
4978
-1454
3071
1126
4344
3405
-2804
-14
-1339
1701
-4493
1763
2984
-2760
4526
-1278
2633
-1585
4779
647
-3237
-1745
-4421
-2771
1301
4915
1151
379
819
1625
-3542
-1765
2275
-1361
3334
3682
-3918
-632
4727
4582
-3486
4064
-3103
-339
-1573
315
2851
-23
-9
4783
-3477
-1846
-3104
-4463
1254
788
4437
-3021
512
4627
2493
3890
-4377
1622
4975
39
-4784
4386
-3264
-2065
2055
4043
2152
4724
770
-1402
-2861
830
2353
-2610
4625
-4111
-3726
-4768
3311
4331
-1427
791
-3703
1277
-980
-3838
-295
3384
1661
3094
-4421
-1623
4901
3846
-2615
1577
3674
2531
1255
-1085
-1091
-4112
-2201
316
-3405
-4704
-372
-1673
3483
-705
1544
3051
3990
4098
3504
385
4684
-524
4699
-2125
913
4260
3885
3690
-4728
-3551
-2514
2442
1961
-2917
1976
3364
-2845
-603
2185
-2130
4969
589
-3248
-2201
432
-4295
3933
-4160
-1082
-1733
3130
-2647
-1387
-4194
-972
3269
-114
-784
3960
-553
-4008
183
-1252
3824
-4450
822
3975
1117
-4324
-3379
-4574
3319
3647
636
2083
-4790
-3295
4914
-3062
2239
-4773
3514
366
4220
-975
-2981
2634
935
-1920
4679
1040
3119
-4453
-801
-560
-3575
2079
4695
-3280
3890
1693
1218
-213
-1535
4350
-796
-779
-4729
-1412
2960
-417
3728
315
-1067
-1201
1547
-793
-2662
-1520
-2549
-2086
3541
3806
3829
222
4782
-3640
4704
-4420
-4017
53
848
3898
2909
2691
-1749
-2967
973
-4781
1103
4570
329
2793
-3127
4265
1504
-4096
828
2037
2423
-142
4362
-4219
3696
-385
2998
-2396
2126
4810
-4231
4562
3195
-2013
3800
-2387
1344
-132
-2831
1803
3525
-2885
-3126
4325
2683
-429
3828
-3983
-4049
-3703
-1912
8
-4099
2757
-2255
-1684
1094
4803
1589
315
-948
-2273
4518
-914
-4173
2844
2287
88
2384
-4934
-1273
-746
3888
-154
-1528
1339
922
8
-121
-2495
4126
2639
3626
-1960
-3061
-2482
4360
-2595
-1806
1087
4092
4234
934
3647
3405
4938
2083
2231
4936
-3203
-3658
4428
-1525
-3751
3513
-2801
-2558
1982
-4937
-1511
2391
2010
-4853
563
-2359
-2489
3634
-4670
-4328
-346
-1068
1658
-1765
4624
-4168
-4723
3916
-4655
-3044
1791
1328
-993
2118
-4035
-2548
1175
-704
-3392
-1842
314
3730
3409
3180
2335
-1065
-2768
1994
-4378
-4840
3451
-2535
2075
-4323
4823
2182
2272
1328
1758
3020
-1186
4210
2460
3083
4450
765
116
-3176
-422
1956
2054
-1491
309
-1817
3861
-3512
3357
-4307
-750
-4590
-2854
1087
1406
-345
2252
4381
-465
4016
-3796
-4761
-1924
-4619
-546
3031
2827
2624
-3741
-4050
-235
3570
1577
955
-3593
556
5
-2061
736
4325
-2487
3259
-298
-3362
-3456
-4276
-2594
-1804
110
-4824
-2305
3933
-59
4601
-761
2985
-4383
-4216
1333
1007
2837
3945
1979
-3803
2256
2265
1328
4155
-1614
4135
4700
4566
-1338
-4487
-4738
814
1973
1985
-2126
-702
1225
-917
-4588
4201
-4258
-2104
-3742
2114
-934
137
-4536
-4602
-404
-2452
4482
-3300
3630
3503
-2469
1926
2348
-4148
-4950
1049
3858
4164
-1339
4842
3875
-4359
-4089
-1214
1671
4292
1208
2638
4093
-4481
1797
-1674
1707
276
-2144
771
-2848
-2260
-2204
4157
2699
1127
3296
-3414
4746
1890
-1327
2424
4333
-3957
2461
1480
-2423
3023
3713
-3881
-3094
-88
2785
2152
-3993
-2334
-1351
3025
771
2898
3954
-4165
1724
639
-4392
1942
4620
2733
3560
-151
3264
4923
-1324
-3364
1282
779
4927
3351
829
4077
2498
2057
-1019
1644
1201
-1956
4256
-4530
1759
-3280
1007
-3749
-4966
677
-3666
1663
-2859
-4589
-4971
1680
2191
-1646
1190
4109
-1489
493
-457
-2827
3251
3048
97
-2823
2174
3741
-65
-4019
-3183
-3204
-3384
-4364
902
1087
2547
-1974
3050
-3705
4298
4097
-2821
2691
3279
3629
4628
-3579
-4626
-4192
1099
-2123
-2681
-4034
3864
4045
-4041
579
-4651
-325
-4020
-4433
2192
-599
-2139
-2571
-1697
-98
-4011
2919
-4227
-4962
1197
4181
-758
4551
2969
-4602
-2941
-3772
3787
-404
-2544
16
3608
-3083
4944
4418
-4425
2161
137
3030
-1781
-1229
3530
-3225
-738
-1077
4080
-3477
4379
481
474
-4386
4788
3316
530
8
3964
-23
2768
3577
-3267
4465
-3583
1996
3625
3654
3735
-4572
776
3987
-1068
-3508
4427
-2711
-2133
-3129
96
-1720
453
-505
4674
2775
-3844
2583
1040
4485
2295
918
2168
3736
-4517
2701
-4421
2676
-3559
-2286
-3532
-1422
-3674
-432
-4601
4294
-3571
-504
4662
4012
4634
1349
-3692
3528
1373
4297
-3882
2895
-2947
-2323
-2374
2090
1813
1938
1855
4937
-4455
-3220
-2060
2856
-4555
2792
1029
12
-4969
3697
-4742
2951
610
2781
-2573
-1784
-1878
-1195
-4374
3655
-2200
-3853
-1267
-1153
-780
-4617
1126
-3250
-975
245
4671
-4193
-2229
-1570
-3353
2359
-3382
-3346
-3719
3577
-833
1976
1985
-3631
1372
1582
-4068
2277
-1002
717
-2806
2114
2516
-1953
985
2016
3969
-4406
-2052
3446
3524
-3433
4387
273
-4285
3436
-2260
-3214
3263
3679
1453
-38
4285
-3051
-679
-1303
-3484
1216
-1358
804
-4644
-3506
929
1876
3140
-4755
352
-4378
2478
-4558
4173
302
-4718
-1651
4718
2938
451
-1476
2658
3520
3899
-1629
2284
313
4424
645
-2027
3463
3629
-183
4387
-305
75
3526
354
793
4581
737
3685
4126
-3055
3894
-3098
-3816
991
-4800
465
-3650
-1129
-1047
2813
2807
-4459
-2547
-1062
-183
2749
111
-2336
3199
-4105
1394
-4531
-3413
-4107
-4662
3245
-4907
-1841
1413
-1672
-3334
-750
-1776
4222
-4275
-2903
3367
-2461
-4181
-1985
4829
-2427
351
-98
-2112
2810
-3747
2433
-4361
-4300
-3666
-2034
-3986
-4686
669
2661
1620
-3498
4957
4207
-3990
-4207
-423
-1985
3069
3622
2801
-1975
-3156
2088
-2851
4354
-559
-516
814
1586
-1599
3065
-3109
-1211
679
-3935
3360
-4335
1443
-475
2101
2513
3469
848
4360
188
4240
3522
-3951
-2912
-804
-750
-526
1712
-685
3102
-2582
1573
-3918
-2268
-1372
-3246
2107
4400
2611
-4713
1698
-4410
-1623
-311
1303
-2521
4929
4752
55
-3426
2192
4971
-3993
-2305
2217
-1032
-2139
-2179
-2303
3213
-3478
3116
-467
729
664
2803
3375
-992
-2021
-1482
-22
3466
-758
2887
2908
-4178
-101
3534
-1141
-4481
4202
-1412
4992
563
-534
-4982
-285
-88
249
-493
3399
3295
518
3192
-2864
3115
1330
-3822
1635
3955
3034
1624
3840
83
-146
-3782
-2205
-776
4536
-1523
-3690
-3113
3741
-2680
4647
-4444
2650
-352
3919
-2560
-4573
3963
-1533
361
2212
-1517
2935
-1250
-2177
4408
-4233
-4932
-2124
-4077
3379
-179
945
-991
-4347
-3817
3010
-3483
-4107
-3734
-1965
-1255
-2189
481
-4267
-4799
4269
-2324
3110
1660
-3197
-4218
-84
-4529
-2369
-3455
2692
-4858
-3934
4265
-3970
4231
-1079
-2217
-4488
4316
1152
293
3006
-4216
3788
-43
2020
398
2674
-713
578
-1706
776
288
639
-4528
798
-4092
-461
4378
210
-4334
2536
-1039
-2815
-2266
-1540
2327
-801
-4540
-4357
-2930
-3495
-3198
-2352
3549
-1491
4695
740
-4522
-4536
-3898
-1853
3115
-3791
-2461
-891
1713
-430
2080
-1625
4207
-4157
4281
1435
-4187
-2144
-1677
3283
845
-4848
3581
-2203
-1172
-2368
-3163
-399
-1745
-1301
877
-1000
3113
1003
1849
10
4678
-3686
4784
1973
-1682
2140
1707
-4485
2919
-1298
-4614
4120
820
-1994
-1336
-3516
-3784
-127
-4843
-3804
-513
-2447
-2059
790
4080
-614
-3605
4717
-4489
-1046
955
1980
2768
-4611
-4541
-2296
-2945
4378
4403
-3637
3515
4034
-855
1088
2601
-1343
411
3030
4991
1876
3378
3099
-3125
-4251
-385
-1798
2780
1063
-2104
3937
3808
-2408
2585
-2024
-4531
2925
-4780
-380
-2083
3076
-2706
4072
-3562
3505
-828
-2252
-585
1877
-4966
-192
-1272
-1319
-239
-4633
4865
-4971
-4530
-2993
2898
-146
-1486
-4728
4894
-1000
-2854
1040
-2634
-1517
1546
-451
4558
1092
-1684
-4049
4144
-1440
-1693
2239
-2724
-650
2231
1524
4266
440
4298
-4723
795
-3940
2266
-2432
3473
4373
129
-4888
2736
-1615
254
-2325
505
-383
-83
4301
4139
2732
3746
-2610
-2403
-4899
-3729
1806
3473
2959
3651
-2286
-1804
-2981
-3146
-1105
3620
-2593
1673
-3192
676
-4195
3929
16
2120
-517
779
3489
-4401
78
-1958
-3526
-2975
4050
3989
-3722
4723
-2547
4170
565
3251
-3766
4000
-3053
-1825
-2164
4490
2897
-3970
-3837
3638
-803
-1153
-1749
3767
-1119
4927
-1554
4891
4499
4832
3598
-4637
2384
-4255
2639
-4698
-2307
4342
4380
3636
975
3734
3040
4486
3589
-2875
-2629
4274
4677
-4619
-2545
4806
-1206
-2851
2541
-2851
2130
-2784
-17
3243
-2013
-3423
473
-3494
2258
2811
-4043
3400
2330
2307
-3618
-698
2966
4186
718
-4450
-4900
924
-172
-1191
-1762
-2222
1442
4084
-2205
1074
-2603
-4693
3209
-3440
-3615
3961
-1774
2899
-1159
1948
-3454
-703
-1522
4781
-936
-3329
2353
3841
-4171
4278
771
-446
-2199
3907
1325
1345
3064
-266
3510
-3853
-1425
2531
2110
4906
3453
-2581
2582
-4001
1317
4236
-2341
-2461
-3772
-3743
-2539
-599
-2645
-2428
-3927
4872
3685
617
3956
566
-1927
2783
779
-1112
-3787
3146
3103
1830
894
-2006
-1174
4132
1782
4971
-2629
2752
-1932
3198
180
2229
2727
4063
4525
2353
4398
-3488
-4758
4856
-1091
3049
1836
-1919
2102
-4763
-3802
14
-3485
-445
2495
-2022
3324
2240
1266
-3757
-4287
-1243
-883
-2429
1484
-4323
-4093
3336
-4701
2022
-1398
-3652
3755
-1047
2419
-715
2403
-1994
-3581
-4857
3907
-2877
-103
2833
1999
-895
-1234
4298
401
496
-4699
4755
-3539
-324
2920
4031
3687
4497
-4320
-2392
356
-2791
2779
2572
4199
-2140
-345
-2623
1530
2592
2053
3068
-2387
208
1720
-268
2419
245
-3286
344
-12
-4259
-3913
1846
-599
4256
-4984
-4271
-512
-4467
386
-2413
-1800
2215
-1486
-4041
-2818
-4950
4858
-1282
1792
1929
-165
2327
4654
-3148
1699
4501
-2116
-3459
4906
-1584
2841
1083
-3447
-1676
-2268
771
2299
4603
-1221
-46
-1914
186
3486
-2559
1820
-1635
-4477
310
-3614
-2631
3791
-1489
2392
2349
2781
-409
4982
2642
-1576
979
3068
222
2898
-4764
1141
-1440
4847
3661
1454
-3259
2386
1039
-4287
947
-4283
-2341
4942
-4615
-1305
2310
2348
2436
2452
-1332
2730
1
-1628
3947
1851
4281
3550
-4267
3977
-2710
-2409
934
-2942
942
-907
2829
-1400
-620
2571
2281
-4480
-985
-3672
3432
1422
3884
-2996
-2491
-4210
67
1857
4475
1005
-787
1351
3900
-3534
4963
652
-4510
-1514
2075
-708
212
4347
3961
-2665
-3080
1709
1155
-3200
1873
-4229
-2919
1072
-4615
2611
-4888
181
-841
2958
2503
-1938
2189
1735
2588
-1920
-3751
1445
-420
4360
4658
-3155
1436
470
-950
1556
-4407
-2749
3985
-1195
-2908
-4578
-2185
-2690
2654
-3624
-4741
4607
2028
-1523
3079
-1637
-1217
-3193
4394
3442
-3603
-2381
2196
839
2102
4596
-1969
1021
-3451
1135
2313
-4913
2389
-4607
-702
4245
-3403
3456
-3837
1410
-110
-3553
1309
1670
857
4037
3352
-2482
1345
-2429
4520
3783
3784
3586
-1442
-4386
-1499
-2033
2877
1908
1821
-4721
-4637
-4075
874
797
2324
3837
-1523
-428
3803
3582
-4441
892
-2723
-4397
3846
-3735
-3265
543
-2506
1875
1991
931
-2659
4956
-4930
460
2613
2772
1621
762
837
-4219
3555
4290
424
-759
-2379
2886
-3550
-2320
2708
-2611
-2572
1598
-1952
-1530
196
2132
3730
2152
2750
1432
-1485
466
-188
-1952
-3370
3112
3222
-111
-3227
1819
-2203
-3978
-3120
-2205
131
-1051
-1290
-3398
3008
3127
-4353
-4712
-4005
-2338
327
-4536
1556
-841
-4356
-4807
-300
-4103
4353
1956
-306
-813
-4128
-4588
-2805
-2844
-2125
105
-492
2184
-2565
-3422
3012
3185
3101
3069
1375
-2573
4218
-3037
-3104
-4397
2571
3055
4960
4870
-2907
1916
3455
-4386
1623
-2133
795
813
350
-4404
-461
4809
4301
4633
-4716
-450
-655
-1861
1066
-4526
-4770
1496
-3637
-4078
1096
-4083
-3060
-4681
4821
3869
-4803
-3056
2357
4742
-1217
-411
-2612
-1310
3256
-3884
151
4080
1922
4297
-2858
166
-4130
1001
-2558
-2130
2508
2134
283
-1225
-3555
-1555
-4214
-1164
1421
-1939
1753
4339
-1106
3762
-3985
2259
1243
-4858
-3886
862
-1363
-2448
546
1852
-60
2980
860
-2175
2630
2638
3235
1599
-37
-1314
278
3861
-3602
-480
-1727
-1685
-4511
-467
1795
4426
2510
3863
800
-2208
2854
2302
4701
-1922
2994
2240
1595
2710
-188
2363
-1934
4053
-1129
2087
-2986
-1252
-3132
-1082
-2254
1373
-4866
1070
-2234
-1622
-2592
3441
-3793
-1666
-2402
54
3483
951
-4186
-1218
4523
-2744
-3582
3749
-2394
-4008
4500
-579
4917
3533
-2189
4404
-4531
-3393
3732
2145
-4631
1253
-56
2913
742
4890
-4606
-3266
-706
-4606
4932
-1897
3031
1794
-4884
-4882
-2174
-1279
1483
4400
-4403
3861
-4928
1088
3841
-510
1717
764
2277
637
882
140
3774
82
3191
28
4318
-2820
4326
-3209
2558
4685
4871
2578
2386
3586
-3342
-3430
-1235
-4337
-3417
1274
-3186
-4181
-1323
4583
-3974
2908
4880
-2182
-619
3348
-69
4408
-4854
877
-2835
-2775
2375
1550
1134
-2603
1962
-1949
4868
-4765
-869
-2494
331
-1334
4793
3886
4198
1933
1042
-3952
2647
-2813
-4241
2856
-3538
-3190
2613
3945
-1549
50
3948
2073
-1438
1889
3912
4202
4471
14
3302
2984
1561
-120
1808
2551
-2373
4455
-4498
-2349
2563
1249
1752
-242
4942
-3439
4150
-1999
-4710
4121
2200
2821
-3974
1164
4324
-2151
-88
-2462
-4141
1288
1367
2771
-3103
1865
4423
-3527
-1418
-3799
243
1349
-187
956
-1656
-375
4825
3947
-538
4029
4137
1880
-3687
-4720
219
790
1902
-1119
3045
-2544
4895
774
1123
-2156
2170
2961
786
97
3090
1144
-1344
2637
-3335
970
-2959
-3803
2951
1459
2582
-58
-3179
-427
-172
-614
-2159
568
2103
3253
3888
-784
181
-221
215
2679
-4573
-3561
4261
2468
1540
4521
2339
2579
-1022
-998
-4281
-2741
-324
-941
-3298
241
-4585
-3119
-3031
-617
1030
4601
-151
-3978
3821
1647
2501
178
-3514
-3406
1713
-3388
-1470
-3055
4182
3410
2265
288
3855
-576
2107
-2743
-4730
-1918
4675
-4399
-2334
2436
-454
589
-3898
459
2377
-357
480
1521
2880
4206
-550
-3802
-1961
-1132
2468
-3207
3818
4852
-2709
-1815
2008
4189
-3918
-4219
2987
4245
2602
-2594
-1608
2334
350
492
1559
-630
171
650
-3696
3719
-240
-219
919
106
-3549
-361
-3584
-1144
-2522
1239
4160
-2511
-2421
-3533
941
-4999
-3596
4736
-4285
4822
1413
4608
-4094
759
438
-2541
-2264
4818
-4269
4778
427
-2823
4187
-743
4469
-2685
-2945
-2014
-842
-2561
-3558
4858
4028
4111
-1055
-1797
-2978
1343
1799
-933
-79
2367
1197
2287
3221
-2568
-1896
-1208
2514
3581
3487
-1541
2304
-402
3949
-64
-59
-602
-3562
3298
-2361
-3121
-2404
1950
2156
-2528
-777
1540
2783
1783
-4352
4563
-2305
4326
-1531
2345
-4345
-1325
-719
-3406
-4673
-8
-1119
877
2180
-3803
-4640
-3983
1954
-566
-606
-1984
352
-955
1001
-1284
-2304
-4000
-1293
2640
1584
-1224
-3560
-2783
4974
-2425
656
453
2407
-2121
-1830
3567
-4285
4187
-164
-4933
3213
4492
694
238
2386
-262
4759
1303
4649
-4662
3250
3522
-3548
168
-2698
3876
-1714
-4426
199
-4667
-1492
926
2487
4468
2418
3974
379
-410
3964
3019
-3268
2387
-4093
-2631
1473
-4633
-3781
4472
763
307
-1553
-3079
3906
3083
2226
-599
3803
2734
4797
4481
2772
-2745
3643
1474
1493
-2011
3021
3911
2457
-899
4673
2679
923
1376
-3654
3068
-4316
-4657
980
3413
-2404
-3793
1383
-1686
-3395
-4816
3935
2064
250
4858
-875
778
-4061
1244
887
2925
1171
-3264
-1913
-2947
329
-2743
2943
-3044
-2989
-520
-3074
-2114
540
-1641
-3242
3139
2741
-4352
-4300
-172
4477
-3108
3673
-1869
-1275
-3499
-619
929
-4965
-3588
387
3972
-2842
1686
-2545
1845
683
-1504
-3573
-4397
4394
-3105
626
-328
-655
-574
-2980
2971
1769
3621
-3545
-4937
-361
3948
-3400
508
1613
4993
4085
1517
4225
3392
4927
504
2208
1069
3516
1245
-536
-1036
-3090
4402
2356
4256
-4100
2102
3034
-3065
3736
2878
2549
-4806
-3970
2515
2509
-4606
2656
2713
4952
3040
2611
-2902
-191
-4399
686
-2250
3692
-1999
-3322
4647
1025
-243
-4566
274
-2232
-14
-3443
-304
142
-1257
-2711
-3386
-1315
874
-621
2227
4642
1075
-4016
4652
216
-128
3698
1962
4372
733
4682
4277
1071
1144
-936
-2558
3498
4970
1134
4862
-3768
4802
-3549
205
-4168
1006
3535
-4523
-788
-3470
-2087
-954
-4671
-638
4008
-2992
2482
216
-1190
-1755
-4222
440
4805
4905
-2352
3539
-2525
3311
-2602
-1248
3538
1269
1742
1216
-1336
-2981
2774
1118
-585
-500
-1247
-3259
-3427
107
-4633
-4697
-1970
-1090
-2576
4783
3785
1106
-4898
-3190
-2775
385
245
1102
4740
3318
-2627
3787
4235
3797
3691
1970
307
4883
-295
1638
2824
843
-4607
2631
-2279
2763
-3540
-730
-860
1417
4551
-1636
-8
3777
4638
4293
-2886
-3687
1299
2833
570
397
-298
-4420
-547
4226
2405
2058
-4129
1306
3646
753
4241
2158
2754
3069
4669
-1175
872
-1619
-2823
-3213
-4277
3097
1275
-3131
2121
-631
-2955
-4064
-3505
-3867
-4095
3835
-4483
3037
-4441
2196
-506
2617
-1953
1551
-2120
4448
-213
-2718
1229
-4932
-4810
-2885
-4911
2348
-2923
-1274
-1098
-4852
-3071
2508
-3525
3624
4513
-1002
3780
-1814
2746
1703
18
-1741
829
-1512
-653
580
-2446
-4163
-697
-1834
-4158
-4937
-829
-712
-1843
4459
2954
1700
-4236
1999
2051
-4657
398
1353
1207
-2177
778
4797
221
325
-3387
872
4832
-3248
-3111
4557
4981
-3659
1822
-2905
4856
-2721
-507
-3963
-3400
-4230
-742
2786
1686
700
-1663
4079
1211
-1706
2198
2576
-3295
-4335
-4647
533
1828
-3240
-3037
2240
-2753
163
617
4766
-1197
4357
1311
4268
-2562
-4748
-92
-4938
-4501
2502
-2747
4104
3457
-2375
1963
-4816
3798
2429
-1298
-1225
-729
3389
1635
430
-3113
-165
1175
-902
751
2556
1086
1346
-2072
-4683
-3477
-3229
3771
-2498
-2651
-2080
1685
-1090
802
-1315
1871
-2589
1936
-971
2179
4435
80
-2488
3669
-2141
-1844
-282
1509
4802
-861
2646
-1803
4910
-1486
-4541
1903
-1681
2839
1120
1616
1829
1211
1252
2562
-229
2217
-1905
-413
3929
-620
2200
-3402
-4292
2866
-956
59
-2402
181
-188
1231
2604
-761
4761
985
596
1999
4699
4541
3689
1794
4061
-2521
-421
-3611
1989
-3393
-3371
-4775
-1686
-1806
3490
1912
4662
2642
457
471
-4116
2824
4199
-1663
410
-314
-104
4915
438
-2987
-3180
3494
541
-292
196
-1609
-1932
1650
-3625
-4555
1268
-1650
3442
-1797
-27
1221
-2603
3622
3484
-2739
-812
822
1395
-4690
-2993
1947
4168
-4383
235
545
4240
3307
-2208
494
-3191
-3904
-833
3858
-3509
2277
334
-860
-2363
587
3019
810
4921
2573
-1439
850
-831
-3798
450
-1309
-3710
3178
2633
440
-2785
-652
4795
2642
4408
-157
1682
-934
-3237
4119
-4734
3433
2935
-2776
415
3580
2792
2665
4353
-97
3662
-3826
-3915
-751
3564
4585
-1726
2463
2745
-2452
3852
-4229
1103
-506
-1017
2762
2147
-4255
4169
-2480
-2111
737
-1037
-1866
-1390
1576
3678
-173
-3131
3512
-4448
-371
-4970
2584
-2897
-3304
-1948
-841
4250
2124
-1154
-3965
1613
4539
-1065
2296
-2389
-2
1040
1427
-321
-2584
3008
-481
-2789
1519
-281
-4376
-3553
185
-4667
-32
1578
1752
-871
4262
-174
1119
2520
-4972
8
-828
3792
-3095
-2410
-2683
1916
-1407
-4775
3862
491
-2579
-1447
143
24
3139
1851
4697
-3345
-938
2774
-4172
1254
-696
-840
-3008
-4622
4404
534
-1538
-4117
3989
-2295
-4797
-955
899
-850
4621
2572
4595
-3741
-751
-3812
2691
4044
-4731
-1529
-845
2666
3452
2875
-801
1921
2753
-1952
-808
-1919
-774
-2757
515
-4847
-436
-635
4700
3053
-513
-2094
-1333
-1825
4455
-4540
-503
-2954
1426
3418
10
4422
4070
3925
2662
2408
-2257
311
-3705
431
544
1717
3687
3581
2039
4084
-4391
-1359
-1273
2275
-1846
2593
-2093
-3769
-4922
3964
4014
105
3584
-2230
4769
1694
-1388
-2222
-1719
2072
378
-2766
-1525
-553
-1598
-265
-133
2700
-1401
275
2531
-3877
-2382
2738
1630
4507
-4831
3245
-4774
2070
-758
-1218
4302
-4187
2551
1795
3593
-4776
4565
-610
2751
4921
1126
-3128
259
-4041
-2270
-2744
-480
-1571
4861
-2951
4435
3454
3932
-4920
446
377
-41
3457
-3041
-4725
-323
-3972
-1084
-136
-4892
800
-1879
4978
3641
2938
-1720
1820
-3838
508
-1537
-3665
367
1415
3878
4438
1470
-4630
944
-508
-558
3750
-4829
-3410
2793
2420
1056
-3821
1283
4457
-3343
-2810
-4807
3181
1833
3674
-4698
-1195
59
3586
-2978
-2794
2629
4999
4962
-897
3224
2683
-538
-2672
-631
-3864
4575
3283
3412
2360
-4760
2387
-4579
-158
4655
4694
-4862
2550
4172
2726
1973
1601
-2672
-602
347
-4238
3367
-491
1904
-2616
-362
3976
2039
-4178
1551
-2648
2205
2324
-4865
4322
-1275
-2429
-1994
4814
1318
4310
-3323
4975
-55
-812
-3552
3010
694
-4679
-4172
-1523
-1980
1122
1537
954
-2181
-3417
-1313
-1053
4201
4801
-566
3736
1938
-3375
2931
-557
508
-4816
-1919
-270
-4557
-430
-1319
4443
-4685
-4203
-4252
1473
-2399
-2079
3056
120
-4227
3839
1218
421
-3706
-2409
-4923
-1263
699
-2724
-1789
-1411
-2310
4852
-1997
-3591
-1585
-1222
-4793
2359
3126
-1481
-3986
-2282
4031
1751
1217
2572
-250
-4552
-3738
2472
-1209
2347
2336
-777
211
-3544
48
-4290
-4641
838
328
-4105
3161
-826
862
1319
2741
686
110
-2061
1159
3025
58
3727
-424
-1085
4591
-1171
-4208
-4142
-4717
2192
-2392
3408
3235
476
-1894
2616
-659
1520
4946
-3185
-1116
3765
4512
2761
2939
-890
-3928
-3279
-4350
-2465
-4731
2852
1360
2606
4766
-2173
2951
229
-4084
-3261
4567
4149
-1080
-3292
2920
-716
1279
-4783
-1675
-713
418
4996
4347
386
4328
4288
-2704
4808
-2385
2823
849
1431
-3708
-1478
-3367
-826
-3287
4148
3134
-2717
-3663
-380
-4524
721
-501
1756
-131
-1205
-4061
-329
2206
-3439
2277
3383
-3973
-1644
4781
-1527
3477
225
-304
1360
4004
2774
-3635
-4988
-2188
-317
3872
-4955
2842
2698
3783
-3606
868
626
-277
-3544
-873
-4270
1241
-4220
-1132
2628
3406
-4496
752
-85
2526
1667
4216
792
1800
-400
-1764
-3454
3348
-3632
-617
3230
2235
1321
-3531
2961
8
2661
-15
2446
1636
4553
1922
-3474
3053
1424
2480
2359
-3311
4972
-4438
2784
1130
-863
2647
2574
3648
-4975
-3964
4095
1913
80
-1126
-1131
657
1087
-2764
1593
-1349
3756
-2049
-42
306
4272
2220
-4502
-489
4678
3243
4667
3769
1127
667
51
683
329
-2380
-40
-811
4659
1065
-4186
-3125
1826
-3489
376
4944
-939
4272
-3218
-598
4752
325
120
-2078
-2139
3497
1647
848
-2645
-271
-962
-1109
-945
790
4519
-4927
-414
-766
-3148
58
-3837
754
1251
-1256
-1099
2416
2604
2765
2551
3505
-2686
-3908
337
1345
3352
-2696
-3860
870
-2769
-1367
3784
-1906
1983
-1785
3185
-2740
-2407
-327
-2824
3503
-1789
1509
4433
-969
-4884
2765
-2438
1896
3245
1699
-1025
4474
3688
-4107
3854
439
-1889
437
2440
931
22
3960
4951
1482
-2528
-2577
-1275
1031
1145
4987
-3864
4193
3366
-4463
3613
-3090
2195
4141
2858
-934
1705
-3751
-1133
-671
3150
1675
-836
4925
2225
-2707
-1717
2088
-1965
-1595
-2228
-1614
1549
-3614
-4020
395
-1669
-2135
2467
-3053
3596
3455
1641
-649
3555
-4073
-277
101
-2363
-3130
1982
4677
-981
-1388
3774
-2931
-4038
-3427
-2279
-804
-1122
-600
356
3352
1540
281
-1903
2533
-4318
3421
-1397
-2595
931
-4788
3368
2995
-3084
-4529
-6
2734
576
3302
-623
3539
-1316
-2672
-2702
-658
-3950
-4714
4823
1528
3437
-4485
-1726
3700
3030
-4580
-799
-1155
-2722
3923
2283
1381
4339
3366
-4229
2043
4904
4318
-2160
-3416
2644
-2172
-192
-1125
-1564
1989
-3770
-2240
1787
2598
-3596
-344
-3993
105
-2244
2651
3033
-4031
-2337
-4330
-2130
1846
-4635
-4590
1492
-2419
3503
1653
4123
-1786
-2142
-2483
12
1173
-2570
4880
469
887
-1199
-464
63
861
2259
-1616
3559
-4207
4174
1163
-646
-4930
4010
2904
1975
-2981
-3121
-1704
-1855
424
-4410
-4623
1205
1284
-4507
1732
3414
2042
2763
-3828
3805
2079
-539
-4109
-2663
-2644
-4972
-2744
-4964
1571
1189
771
-360
1901
-3475
-720
4147
4011
-4344
3591
301
1716
-562
4059
-1080
-2717
4513
-1101
438
-3039
1713
-3291
1425
-1670
3297
-2704
2588
-4325
1392
1116
88
1498
1563
3664
-4790
-4416
-1884
-3197
-1827
-942
2423
1846
4105
967
2987
2283
55
-3179
-362
-845
-1691
2339
456
-4480
-2256
-2950
-273
3587
-614
428
4606
-2111
3269
1507
4276
4987
-2472
-3968
4117
-3965
-2289
3902
-1420
-1383
-2656
2388
3671
1124
-3014
2631
-897
1478
1775
-2018
-2276
1194
2878
3063
1445
-4045
3742
-2159
603
-81
-3335
-382
-1354
-4825
-1198
-2978
-1290
-3593
-1787
593
-3334
1980
-2827
2881
-3812
-2136
-2081
-751
4961
3954
4484
1124
-307
2626
-3276
842
-3914
2235
-200
4852
3106
-220
4366
2607
3621
-973
3467
1580
2080
-304
15
-1286
-4154
1096
655
-1219
598
-642
-2884
-2988
2603
-4565
668
1110
3102
480
-4716
3566
3614
2597
4360
4039
2274
-2636
-2795
1550
3497
-1671
2735
-4073
-606
4296
-42
1637
566
3207
2841
-180
-1624
3091
2830
-539
3452
-708
1573
-4514
4186
4823
-2347
-3802
1777
-4590
815
854
-3152
2496
1995
-726
-1002
3576
2276
2943
-1307
-795
4597
3584
4831
-442
1555
-2523
-1595
-4988
-2440
-3704
-196
3501
-2067
-4946
2357
2483
-1772
3395
-3775
4444
-3988
-2800
-1326
-4766
-962
-2565
778
3647
2493
-2080
-4888
-2648
1063
2695
-4135
4732
2114
-347
78
525
1326
3097
1558
-2361
-1608
4647
-835
-3042
3756
-3898
2584
1556
3256
4393
2758
4342
1979
2616
387
297
-2662
2043
-2815
-3621
1256
-349
-4625
-4447
1126
3399
-2357
3831
3599
