1000
-74
-363
395
-176
36
237
289
-58
349
476
66
185
-309
132
-364
-230
3
357
-60
204
-222
-461
-1
-65
387
421
-450
42
65
-195
165
-83
-306
259
246
289
316
-449
-306
126
-200
-425
436
-207
-257
-357
245
-438
341
116
421
94
-297
-312
-364
176
-264
-188
111
117
115
402
-197
-464
413
-483
-226
-1
-289
-460
245
366
-263
-78
-81
290
391
286
-28
231
356
-100
-3
-387
-299
-109
-195
-212
-250
-466
-407
462
424
-468
-427
62
-270
493
426
452
-189
-466
-25
-386
27
-440
122
90
-68
-17
218
-294
26
-171
-445
198
22
383
366
351
491
72
75
256
-209
223
-110
74
425
-209
37
448
374
288
-294
-134
-489
-291
331
10
54
-89
131
159
-295
-108
-153
198
-371
467
450
-419
-19
-103
-386
-209
302
-212
-82
442
-75
137
-159
174
61
389
-179
-19
-172
495
-141
254
-417
-183
-60
424
223
299
-71
-267
-166
189
27
-466
292
-383
129
-16
86
-395
439
-337
-270
-328
275
-321
442
250
-344
306
-420
-446
-390
107
-149
-166
-116
78
-458
200
219
-77
401
103
140
-375
309
-417
177
17
300
422
337
-449
425
-209
112
407
-75
420
-71
-404
451
-437
-177
-423
375
16
-342
209
-189
490
-248
-404
-4
-471
-259
458
-208
440
-89
-500
441
250
-449
22
125
-323
398
373
478
322
-197
-357
89
213
-244
293
-211
17
378
-304
-350
-6
175
-119
459
492
73
146
407
453
424
299
-121
-205
-212
369
-457
137
49
-11
-425
-498
-230
-254
304
-202
472
90
-387
282
-383
-423
-128
-130
165
-129
50
289
-84
-333
192
-253
343
-428
172
-24
-377
-105
-30
485
48
477
257
383
244
492
-472
159
-51
125
253
388
-339
129
-474
150
-489
-87
-465
-166
-429
-309
-330
-349
260
-424
-278
54
-15
443
496
27
470
-97
324
0
265
10
143
140
257
293
15
490
-21
191
146
461
295
-394
146
270
-355
389
-315
43
110
49
368
376
-41
296
223
165
101
-191
92
-312
80
104
-391
-47
-37
-137
289
-480
-124
4
419
129
420
-213
-89
-244
341
-212
34
14
-181
-188
-354
-488
71
323
-107
-110
184
-170
-419
455
390
339
-283
75
262
64
28
-353
241
229
166
-490
56
90
403
-407
-476
-279
411
375
-26
43
-388
277
-359
-297
204
174
-151
-315
291
-220
97
-200
226
-55
-192
39
263
219
-314
-346
306
104
-181
144
415
-44
-206
364
-115
222
164
-367
491
154
-279
436
-487
214
68
-321
41
-374
375
320
-330
416
-137
-64
-47
370
0
-315
-93
493
37
471
150
-454
-385
-233
-65
-469
33
13
146
52
-244
-289
-360
457
246
-205
-202
78
131
190
-241
-469
30
208
267
-460
225
255
-331
394
76
-34
-151
-139
-126
-364
222
21
3
170
-194
-40
300
360
126
46
148
-244
26
-107
57
496
84
-214
434
447
-144
305
-485
-454
-86
-331
-491
479
-62
360
-19
121
-357
-186
489
380
-115
48
-128
-98
221
430
-157
-418
275
-492
-378
175
117
-432
136
-242
-191
-457
53
425
224
222
226
-426
111
-61
180
63
-343
24
-193
-366
-72
186
181
110
-230
183
-76
210
-208
381
331
-84
29
-133
-481
12
147
-498
176
-97
-405
17
-266
344
21
104
221
-140
-22
-440
137
418
-144
-406
368
316
-500
315
271
-81
337
-8
105
-340
153
-17
113
-200
-116
-211
-369
341
499
-303
249
-300
40
-140
359
-65
47
249
-233
-220
292
-264
325
-190
476
-94
59
-99
-161
-308
462
-337
-322
-447
267
331
-216
-206
-409
-382
64
373
420
385
-408
341
-144
-255
225
192
122
-109
-62
-266
120
-94
58
-264
-14
-309
-284
-239
-454
402
-163
-143
259
225
-465
451
80
-107
287
299
-219
341
227
471
398
132
-311
39
-267
37
-441
-127
397
-317
112
-219
111
-16
284
-263
-484
-365
367
275
-415
26
460
449
-279
-258
268
-16
117
-162
424
-492
269
-238
-64
-314
142
224
-343
298
-321
389
295
-371
-298
-341
-378
169
477
-459
-18
-431
-24
-174
-154
-390
395
-52
-213
-196
-28
-444
-215
-383
-438
79
134
-346
2
107
32
465
-498
120
-418
-22
438
490
-434
172
-18
389
-251
465
-121
394
-323
476
-180
-407
-480
53
112
-212
-425
165
-242
-486
239
68
-262
-180
262
118
34
-25
-49
57
421
-396
-35
290
204
281
435
308
-384
319
303
452
383
246
213
-363
-44
90
-227
-47
428
-386
-494
72
-410
-290
-43
103
154
-212
-300
66
-296
485
-425
277
488
471
-447
-282
-150
442
486
-415
-225
-53
89
448
292
473
-243
196
-471
-483
89
-156
68
217
259
159
355
40
462
-21
189
-29
-414
-286
129
-31
431
215
-79
-316
-344
-499
490
-481
409
341
-181
154
-364
141
-232
67
-183
229
72
489
410
-106
477
-443
352
167
-86
47
296
-489
-475
-14
368
-164
-493
-438
-44
343
498
-279
111
358
-172
-95
446
-136
51
207
-264
-371
221
-78
-348
-480
-500
178
479
-144
-402
-101
-241
-171
384
-334
165
-20
297
191
383
-52
66
-333
202
-390
244
-156
263
49
56
69
-155
-474
-337
344
-458
-207
138
-421
-440
-452
461
434
-94
371
-442
-244
